0,0,0,0,0,0,0,0,0,0,0,0,0,0,0,0,0,0,0,0,0,
0,0,0,0,0,0,0,0,0,0,0,0,0,0,0,0,0,0,0,0,0,
0,0,0,0,0,0,0,0,0,0,0,0,0,0,0,0,0,0,0,0,0,
0,0,0,0,0,0,0,0,0,0,0,0,0,0,0,0,0,0,0,0,0,
0,0,0,0,0,0,0,0,0,0,0,0,0,0,0,0,0,0,0,0,0,
0,0,0,0,0,0,0,0,0,0,0,0,0,0,0,0,0,0,0,0,0,
0,0,0,0,0,0,0,0,0,0,0,0,0,0,0,0,0,0,0,0,0,
0,0,0,0,0,0,0,0,0,0,0,0,0,0,0,0,0,0,0,0,0,
0,0,0,0,0,0,0,0,0,0,0,0,0,0,0,0,0,0,0,0,0,
0,0,0,0,0,0,0,0,0,0,0,0,0,0,0,0,0,0,0,0,0,
0,0,0,0,0,0,0,0,0,0,0,0,0,0,0,0,0,0,0,0,0,
0,0,0,0,0,0,0,0,0,0,0,0,0,0,0,0,0,0,0,0,0,
0,0,0,0,0,0,0,0,0,0,0,26,26,26,0,0,0,0,0,0,0,
0,0,0,0,0,0,0,0,0,0,0,26,26,26,0,0,0,0,0,0,0,
0,0,0,0,0,0,0,0,26,26,26,16,17,18,26,26,26,0,0,0,0,
0,0,0,0,0,0,0,0,26,26,26,0,0,0,26,28,26,0,0,0,0,
0,0,0,0,0,26,26,26,16,17,18,0,0,0,16,17,18,0,0,0,0,
0,0,0,0,0,26,26,26,0,0,0,0,0,0,0,0,0,0,0,0,0,
0,0,0,0,0,16,17,18,0,0,0,0,0,0,0,0,0,0,0,0,0,
0,0,0,0,0,0,0,0,0,0,0,0,0,0,0,0,0,0,27,0,0,
0,0,16,17,18,0,0,0,0,0,0,0,0,0,0,0,0,16,17,18,0